xxxxxxxxxxxxxxxxxxxxxxxxxxxxxxxxxxxxxxxxxxxxxxxxxxxxxxxxx
000000011001001111000000000100010101111000000000001101101
000000011001001111000000000100010101111000000000001101101
100000000011110010010000000011000011001000000000010110001
100000000011110010010000000011000011001000000000010110001
100000000100010000010000001000001101001000000010011011000
100000000100010000010000001000001101001000000010011011000
100000000101001101000000000100111010000000000001100011110
100000000101001101000000000100111010000000000001100011110
100000000001101000010000110010000110011000000000010011111
100000000001101000010000110010000110011000000000010011111
000000001101001100100000000001101111011000000000101001000
000000001101001100100000000001101111011000000000101001000
100000000101010010110000000111100011110000000010011010000
100000000101010010110000000111100011110000000010011010000
000000000010111100010000000000110101111000000000000000011
000000000010111100010000000000110101111000000000000000011
000000000110101000010000011000110000011000000001001000111
000000000110101000010000011000110000011000000001001000111
000000011011101010010000000011011110000000000010111111101
000000011011101010010000000011011110000000000010111111101
100000000000001110000000000110000001000000001000000101101
100000000000001110000000000110000001000000001000000101101
000000001010111001100000000011010100000000000011010111011
000000001010111001100000000011010100000000000011010111011
100000000100111100110000000110011011111000000011111111100
100000000100111100110000000110011011111000000011111111100
100000000010110110010000000001100001110000000010001110010
100000000010110110010000000001100001110000000010001110010
100000000110000101010000000011010101101000000000110100101
100000000110000101010000000011010101101000000000110100101
100000000101101101110000000101110101011000000000111010111
100000000101101101110000000101110101011000000000111010111
000000010011100100010000000010100100000000000001100100110
000000010011100100010000000010100100000000000001100100110
100000001101000010100000000001100010100000000111101000111
100000001101000010100000000001100010100000000111101000111
100000001100000011010000011010111110110000000001010100110
100000001100000011010000011010111110110000000001010100110
000000000011101011010000000000001000100000000010000110011
000000000011101011010000000000001000100000000010000110011
100000101000110011110000000110101000101000000000001011101
100000101000110011110000000110101000101000000000001011101
000000000111100010100000000000010000011000000000100101111
000000000111100010100000000000010000011000000000100101111
100000000100111011100000000100001001010000000011111000010
100000000100111011100000000100001001010000000011111000010
100001111101111001110000000011101101100000000000100110011
100001111101111001110000000011101101100000000000100110011
100000011001110110100000000111010111100000011110010101100
100000011001110110100000000111010111100000011110010101100
100000001000111110110000000000010011000000000001101010111
100000001000111110110000000000010011000000000001101010111
000000100111001100100000000001101101010000000000101001001
000000100111001100100000000001101101010000000000101001001
100000001100111110110000110110010011110000000000010011110
100000001100111110110000110110010011110000000000010011110
000000001001001110000000111000100000010000000001111111000
000000001001001110000000111000100000010000000001111111000
100000000010011011100000000100100010101000001001100111001
100000000010011011100000000100100010101000001001100111001
100000001010101010000000000001000110111000000001111010111
100000001010101010000000000001000110111000000001111010111
100000010010011000100000000010100011010000000001111001111
100000010010011000100000000010100011010000000001111001111
100000000010000100000000001000001000101000000000100110000
100000000010000100000000001000001000101000000000100110000
100000000111011001110000000011000001010000000011100001100
100000000111011001110000000011000001010000000011100001100
100000001111001100010000000011000010000000000000010111000
100000001111001100010000000011000010000000000000010111000
100000000111110110010000001100011111000000000001111100100
100000000111110110010000001100011111000000000001111100100
000000001111111110100000000110100111110000001001111001000
000000001111111110100000000110100111110000001001111001000
100000000111000111010000000000010111100000000010000100000
100000000111000111010000000000010111100000000010000100000
000000000011010010000000000100111000110000000001010111000
000000000011010010000000000100111000110000000001010111000
000001011101000011110000000010110000011000000001000100110
000001011101000011110000000010110000011000000001000100110
000000001100111011100000000000001111011000000001110111010
000000001100111011100000000000001111011000000001110111010
000000011010010010000000000011010001001000000000000001110
000000011010010010000000000011010001001000000000000001110
100000000110100011010000000001011010001000010011011001011
100000000110100011010000000001011010001000010011011001011
100000101111010010110000011000101111001000000000111100100
100000101111010010110000011000101111001000000000111100100
000000000101001101010000000000001111001000000001000100110
000000000101001101010000000000001111001000000001000100110
100000000100010101100000000001001100011000000000011000101
100000000100010101100000000001001100011000000000011000101
000000000110010000110000011011011011100000000010001110000
000000000110010000110000011011011011100000000010001110000
000000001100111100010000000000010011100000000101101001101
000000001100111100010000000000010011100000000101101001101
000000000001110111010000000110011111111000000100110000011
000000000001110111010000000110011111111000000100110000011
100001100010110010110000011100111111010000000010010011100
100001100010110010110000011100111111010000000010010011100
100000000010111001110000000001010010000000101110010001110
100000000010111001110000000001010010000000101110010001110
000000000000110111110000000011110100111000000001011101111
000000000000110111110000000011110100111000000001011101111
100000001101111010100000000010000001111000000010010100000
100000001101111010100000000010000001111000000010010100000
000000001011000000110000000010101001100000000101010101011
000000001011000000110000000010101001100000000101010101011
000000000100100101000000100111101010010000000010010110000
000000000100100101000000100111101010010000000010010110000
100000000101101110010000101010001000000000000001110001101
100000000101101110010000101010001000000000000001110001101
100000000101111110000000011000100110000000000010011101001
100000000101111110000000011000100110000000000010011101001
000000001111110110110000000001010001100000000000100100011
000000001111110110110000000001010001100000000000100100011
100000001101000101000000000010001100111000000101100000101
100000001101000101000000000010001100111000000101100000101
000000011100000001010000000000010011010000000010001111001
000000011100000001010000000000010011010000000010001111001
000101100101101000000000000000100010000000000101011000101
000101100101101000000000000000100010000000000101011000101
100000001011101110110000000010111110100000000011001011001
100000001011101110110000000010111110100000000011001011001
000000000111100100110000001110110101001000000111010110100
000000000111100100110000001110110101001000000111010110100
000000001001110011010000001011110011110000000000011000110
000000001001110011010000001011110011110000000000011000110
100000001100101110010000000011010000110000001001111111011
100000001100101110010000000011010000110000001001111111011
100000001101110010110000000011010100000000000010101011010
100000001101110010110000000011010100000000000010101011010
100000000000010010000000000011100011001000000000101100011
100000000000010010000000000011100011001000000000101100011
000000000000100011100000000011101100111000000000110101111
000000000000100011100000000011101100111000000000110101111
100000010100001010010000000001010110100000000001111100101
100000010100001010010000000001010110100000000001111100101
100000001000000111100000000101110010101000000001000101001
100000001000000111100000000101110010101000000001000101001
100000101001001101100000000011110011110000000011111101101
100000101001001101100000000011110011110000000011111101101
100000000100011011010000010011001100000000000000111001000
100000000100011011010000010011001100000000000000111001000
100000000110000010100000001100110000010000000010101000001
100000000110000010100000001100110000010000000010101000001
100000000011110110100000000000011110111000000000010010011
100000000011110110100000000000011110111000000000010010011
100000001100000110010000000010100001010000000111000101000
100000001100000110010000000010100001010000000111000101000
000000001000101100100000001111100010100000000100010011001
000000001000101100100000001111100010100000000100010011001
000000000110100101000000000000101101100000000010010101001
000000000110100101000000000000101101100000000010010101001
000000001000100101000000000100010111001000000011000100000
000000001000100101000000000100010111001000000011000100000
000000001110010110100000000010010010100000000010000100100
000000001110010110100000000010010010100000000010000100100
000000000111000111010000000000101011010000000010000000110
000000000111000111010000000000101011010000000010000000110
000000000001000001110000000010100001100000010101100000101
000000000001000001110000000010100001100000010101100000101
000000000111101100100000000001100110010000000001111010010
000000000111101100100000000001100110010000000001111010010
100000000000001110100000000011100100111000000000010010111
100000000000001110100000000011100100111000000000010010111
000000000100100011000000000100100000111000000001001110111
000000000100100011000000000100100000111000000001001110111
000000000010010001100000000010010001000000000101000000000
000000000010010001100000000010010001000000000101000000000
000000000001111000010000000101001010100000000010001110000
000000000001111000010000000101001010100000000010001110000
000000000100100011110000000111010111011000001010001010011
000000000100100011110000000111010111011000001010001010011
100000001000000110110000000010011100001000000000000010010
100000001000000110110000000010011100001000000000000010010
000000000100100100110000111010110111111000000010010110010
000000000100100100110000111010110111111000000010010110010
000000000110100111110000000100101010101000000010101011110
000000000110100111110000000100101010101000000010101011110
100000010010010111110000001001101110001000000011100011011
100000010010010111110000001001101110001000000011100011011
000000000011100000100000000000001100101000000001110100101
000000000011100000100000000000001100101000000001110100101
000000000000100010010000001011101101101000001101110100100
000000000000100010010000001011101101101000001101110100100
100000000000010001010000000101100000011000000001010011110
100000000000010001010000000101100000011000000001010011110
000000000011111110010000001010010011110000000000101001010
000000000011111110010000001010010011110000000000101001010
100000000001100001110000000011011101111000000001101000001
100000000001100001110000000011011101111000000001101000001
100000000000011111000000000100010111101000000110101000000
100000000000011111000000000100010111101000000110101000000
100000000101001001110000000111000100001000000001010000100
100000000101001001110000000111000100001000000001010000100
000000000000011011100000000100011111010000000101101100000
000000000000011011100000000100011111010000000101101100000
000000001010111111000000001011001010111000000000100011011
000000001010111111000000001011001010111000000000100011011
xxxxxxxxxxxxxxxxxxxxxxxxxxxxxxxxxxxxxxxxxxxxxxxxxxxxxxxxx
xxxxxxxxxxxxxxxxxxxxxxxxxxxxxxxxxxxxxxxxxxxxxxxxxxxxxxxxx
